1.1	59	0	0	8.0	1420.7966101694915	78.42161016949153	0	1637050	0	0.3067373492803009	0.15421267470234645	0.39688492622167	0.03765691394877414	0.8954918641530913	722262	0.6614748770361166	0.07091697542142024	59271	5000	117000
2.2	58	0	1	6.137931034482759	1169.5344827586207	60.8448275862069	2	1461603	0	0.30750990413413315	0.154189283458161	0.3908520648019866	0.04890720753271887	0.9014584599269996	722317	0.6514201080033111	0.09210396898817115	60741	13000	147000
3.3	58	0	1	6.0	1146.896551724138	62.581896551724135	0	1704827	0	0.3171101117116005	0.15389861050650988	0.40910291519326175	0.05600898407231876	0.9361206214836908	696001	0.6818381919887696	0.10547831275389598	59844	1000	123000
4.4	59	0	0	7.0	1245.7118644067796	67.41313559322033	0	1635932	0	0.30448104559782846	0.15428099056384353	0.3821663893875049	0.038286004334311105	0.879214429883488	713781	0.6369439823125083	0.0721017030777987	59101	10000	111000
5.5	58	0	1	7.0	1210.4310344827586	67.03879310344827	0	1725172	0	0.3212164055225446	0.15377428105501184	0.405191678246435	0.04328748265526218	0.9234698474792535	734931	0.6753194637440583	0.08152068296659545	60224	21000	144000
6.6	59	0	0	5.0	986.1186440677966	53.192796610169495	0	1703711	0	0.33490142440268234	0.15335992909447435	0.4487038647328046	0.07503875873038467	1.012003976960346	710052	0.7478397745546743	0.14131592981240054	58796	10000	107000
7.7	59	0	0	7.0	1382.3728813559321	75.78601694915254	0	1705932	0	0.293780067512768	0.15460499240030787	0.3833889487059163	0.02954357790969416	0.8613175865286863	731487	0.6389815811765271	0.055637623182098236	59033	10000	116000
8.8	59	0	0	6.0	1045.0	56.63347457627118	0	1702593	0	0.31101055077282624	0.15408329165715612	0.4174590250499944	0.04209533510712594	0.9246482025871027	716633	0.6957650417499907	0.07927558400588691	58881	7000	110000
9.9	59	0	0	6.0	1051.1016949152543	56.855932203389834	1	1635525	0	0.3299132988097426	0.15351095845270502	0.425355404810475	0.06119840796625026	0.969978070039173	738663	0.7089256746841249	0.11525123910781593	59220	7000	112000
10.10	59	0	0	4.0	825.4745762711865	43.358050847457626	0	1698152	0	0.33783028493746275	0.15327124970606018	0.46838620213574417	0.08047492604826768	1.039962662827535	725719	0.7806436702262404	0.15155353304758512	59881	9000	106000
11.11	58	0	1	5.0	905.1206896551724	48.33405172413793	0	1713879	0	0.35836752035246955	0.1526494278559947	0.4588727065313571	0.08590660696274414	1.0557962617025654	729783	0.7647878442189285	0.16178268731213588	60431	5000	167000
12.12	59	0	0	5.033898305084746	937.0847457627119	49.31991525423729	1	1656491	0	0.33467257131623335	0.15336685825736962	0.5227063437044088	0.07680921290883316	1.0875549861868448	707863	0.871177239507348	0.14465011847237885	59152	16000	115000
13.13	58	0	1	3.0	747.948275862069	34.310344827586206	0	1700310	0	0.31677486607302363	0.1539087609994557	0.3827505837303681	0.031972556791553086	0.8854067675944004	697000	0.6379176395506134	0.060211971358857044	60293	17000	130000
14.14	59	0	0	3.0	667.9491525423729	33.644067796610166	0	1721491	0	0.3528522509006744	0.1528164179588407	0.49411028030249554	0.0841648155572225	1.0839437647192331	722860	0.8235171338374927	0.1585024775088936	59322	10000	115000
15.15	57	0	2	6.0	1074.7368421052631	56.62061403508772	0	1722105	0	0.32036471230192676	0.15380006843308056	0.37779382553526375	0.025417450795714645	0.8773760570659856	677840	0.6296563758921062	0.0478671389749805	61105	16000	117000
16.16	59	0	0	4.0	786.7118644067797	41.027542372881356	0	1707033	0	0.38796067744567175	0.15175341282178384	0.6150105187462154	0.1573732822161244	1.3120978912297954	724501	1.0250175312436922	0.2963715295972212	59813	12000	113000
17.17	59	0	0	2.0	531.7796610169491	24.0	0	1730372	0	0.33356551141865937	0.15340037757093505	0.40772282873441684	0.04364212536030754	0.9383308430843188	708165	0.6795380478906947	0.08218856000057918	59627	17000	108000
18.18	59	0	0	2.0	514.3050847457627	24.0	0	1717033	0	0.3387736297794305	0.15324268732056726	0.5183419042234195	0.10018338414041301	1.1105416054638302	734482	0.8639031737056992	0.18866927333411115	58423	12000	105000
19.19	59	0	0	5.0	919.7118644067797	48.32838983050848	0	1701491	0	0.3315378895138361	0.15346176945638665	0.4005407490612751	0.046296807825213136	0.931837215856711	717682	0.6675679151021252	0.08718796200605111	58305	13000	110000
20.20	59	0	0	3.0	644.3728813559322	32.24152542372882	0	1705932	0	0.397927127235027	0.15145165086982837	0.664541269977046	0.17604979782576674	1.389969845907668	759202	1.1075687832950767	0.3315438753780919	59152	8000	114000
21.21	59	0	0	1.0	384.1525423728813	16.0	0	1703711	0	0.432691036113356	0.1503990769621234	0.8301329789010372	0.1265054133299493	1.539728505306466	731069	1.383554964835062	0.23823994977391583	58711	12000	113000
22.22	56	0	3	6.0	1099.767857142857	58.0	0	1715410	0	0.29032114068198994	0.15470972101823977	0.37438899174662305	0.027083794465817955	0.8465036479126706	659590	0.6239816529110384	0.051005262647491445	61678	14000	122000
23.23	59	0	0	4.0	820.7118644067797	40.25635593220339	0	1717033	0	0.3061104452685122	0.15423165596270338	0.3784978016139848	0.027770400816609704	0.8666103036618101	736180	0.6308296693566413	0.05229830662261714	58525	4000	98000
24.24	59	0	0	2.0	512.9322033898305	24.0	0	1708152	0	0.3772044772427383	0.15207908666126155	0.6905907967476712	0.1848960680121566	1.4047704286638276	696796	1.1509846612461188	0.348203517913666	59203	17000	115000
25.25	0	0	0	0.0	0.0	0.0	0	0	0	NaN	NaN	NaN	NaN	NaN	0	NaN	NaN	0	0	0
Avg	58.583333333333336	0.0	0.4166666666666667	4.7154928891486465	917.9468278885046	48.00872255781305	0.16666666666666666	1688789	0.0	0.33515059576355993	0.1533523847393811	0.46847887495172397	0.07110705480473056	1.0280889102593955	717286	0.78079812491954	0.13391159096936078	59531	11083	118125